DATASET_HEATMAP
SEPARATOR COMMA
DATASET_LABEL,% genomes in bacterial phylum
COLOR,#d55e00
FIELD_LABELS,Lactococcin A,Nocardithiocin,Lactococcin Q,Enterocin NKR-5-3D,Lactococcin MMFII,Sakacin A,Enterocin P,Garvicin Q,Bacteriocin II,Enterocin 1071B,Colicin M,Piricyclamide 7005E2,Caulonodin III,Actagardine,Lactococcin 972,Closticin 574,Colicin E6,Colicin E9
DASHED_LINES,1
SHOW_INTERNAL,0
LEGEND_TITLE,% genomes in bacterial phylum
LEGEND_LABELS,Lactococcin A,Nocardithiocin,Lactococcin Q,Enterocin NKR-5-3D,Lactococcin MMFII,Sakacin A,Enterocin P,Garvicin Q,Bacteriocin II,Enterocin 1071B,Colicin M,Piricyclamide 7005E2,Caulonodin III,Actagardine,Lactococcin 972,Closticin 574,Colicin E6,Colicin E9
COLOR_MIN,#ffffff
COLOR_MAX,#0173b2
USER_MIN_VALUE,0
USER_MAX_VALUE,4
DATA
Acidobacteriota,0.366,0.183,0.0,0.0,0.0,0.091,0.091,0.183,0.0,0.0,0.183,0.366,0.0,0.0,0.0,0.0,0.091,0.183
Actinomycetota,0.273,0.199,0.124,0.05,0.0,0.0,0.05,0.0,0.0,0.05,0.099,0.149,0.05,0.174,3.452,3.551,0.422,0.273
Aquificota,0.0,0.0,0.0,0.0,0.0,0.0,0.0,0.0,0.0,0.0,0.0,0.0,0.0,0.0,0.0,1.19,0.0,0.0
Armatimonadota,0.0,0.0,0.0,0.0,0.0,0.0,0.0,0.0,0.535,0.0,0.0,0.0,0.0,0.0,0.0,0.0,0.535,0.0
Bacillota,0.101,0.027,0.064,0.11,0.018,0.009,0.073,0.027,0.137,0.156,0.027,0.0,0.018,0.0,1.199,0.549,0.092,0.156
Bacteroidota,0.54,0.0,0.036,0.054,0.018,0.036,0.09,0.0,0.18,0.198,0.054,0.018,0.0,0.036,0.0,0.108,0.234,0.18
Bdellovibrionota,0.0,0.0,0.0,0.0,0.0,0.0,0.27,0.0,0.0,0.0,0.0,0.0,0.0,0.0,0.0,0.27,1.887,0.539
Campylobacterota,0.243,0.0,0.0,0.0,0.0,0.0,0.0,0.0,0.0,0.0,0.0,1.214,0.243,0.0,0.0,0.0,0.971,0.243
Chlamydiota,0.403,0.0,0.0,0.0,0.0,0.0,0.0,0.0,0.0,0.403,0.0,0.0,0.0,0.0,0.0,0.0,0.403,0.0
Chloroflexota,0.171,0.398,0.114,0.0,0.0,0.0,0.0,0.0,0.171,0.228,0.0,0.114,0.0,0.0,0.171,0.057,0.171,0.171
Cloacimonadota,0.0,0.0,0.0,0.0,0.0,1.111,0.0,0.0,0.0,0.0,0.0,1.111,0.0,0.0,0.0,0.0,0.0,0.0
Cyanobacteriota,0.173,0.0,0.0,0.0,0.0,0.086,0.086,0.0,0.086,0.086,0.086,0.0,0.0,0.0,0.0,0.0,1.383,0.432
Deinococcota,0.0,0.0,0.0,0.0,0.0,0.0,0.0,0.0,0.0,0.0,0.0,0.0,0.0,0.0,0.0,0.0,0.0,0.0
Dependentiae,1.053,0.0,0.0,0.0,0.0,0.0,0.0,0.0,0.0,0.0,0.0,0.0,0.0,0.0,0.0,0.0,0.0,0.0
Desulfobacterota,0.247,0.0,0.062,0.0,0.0,0.0,0.062,0.0,0.0,0.185,0.124,0.124,0.0,0.0,0.0,0.0,0.124,0.124
Dormibacterota,0.0,0.0,0.0,0.0,0.0,0.0,0.0,0.0,0.0,0.0,0.0,0.0,0.0,0.0,0.0,0.0,0.0,0.0
Elusimicrobiota,0.529,0.0,0.0,0.0,0.0,0.0,0.0,0.0,0.0,0.0,0.0,0.0,0.0,0.0,0.0,0.0,0.529,0.0
Eremiobacterota,0.0,0.0,0.0,0.0,0.0,0.0,0.0,0.0,0.0,0.0,0.0,0.0,0.0,0.0,0.0,0.0,0.0,0.0
Fibrobacterota,0.0,0.0,0.0,0.0,0.0,0.0,0.0,0.0,0.0,0.0,0.0,0.0,0.0,1.149,0.0,0.0,0.0,0.0
Fusobacteriota,0.0,0.0,0.0,0.0,0.0,0.0,0.0,0.0,0.0,1.111,0.0,0.0,0.0,0.0,0.0,0.0,0.0,0.0
Gemmatimonadota,0.318,2.548,0.0,0.0,0.0,0.0,0.0,0.0,0.0,0.0,0.318,0.0,0.318,0.0,0.0,0.0,0.0,0.0
Marinisomatota,0.0,0.481,0.481,0.0,0.0,0.481,0.0,0.0,0.0,0.0,0.0,0.0,0.0,0.0,0.0,0.0,0.0,0.0
Myxococcota,3.644,0.292,0.146,0.146,0.0,0.0,0.0,0.0,0.146,0.292,0.146,0.146,0.0,0.0,0.0,0.0,0.146,0.437
Nitrospinota,0.0,0.0,0.0,0.0,0.0,0.0,0.0,0.0,0.0,0.0,0.0,0.0,0.0,0.0,0.0,0.0,0.0,0.0
Nitrospirota,0.256,0.0,0.0,0.0,0.0,0.0,0.0,0.0,0.0,0.0,0.0,0.0,0.0,0.0,0.0,0.0,0.0,0.0
Omnitrophota,0.0,0.24,0.0,0.24,0.0,0.0,0.0,0.0,0.0,0.0,0.0,0.0,0.0,0.0,0.0,0.0,0.0,0.0
Patescibacteria,0.069,0.034,0.0,0.0,0.034,0.0,0.31,0.034,0.0,0.034,0.034,0.0,0.0,0.0,0.0,0.276,0.0,0.0
Planctomycetota,0.509,0.0,0.064,0.0,0.0,0.127,0.0,0.0,0.127,0.127,0.0,0.064,0.064,0.0,0.0,0.0,0.191,0.191
Pseudomonadota,0.264,0.008,0.0,0.041,0.033,0.008,0.033,0.016,0.066,0.132,0.19,0.066,0.025,0.025,0.0,0.008,0.783,0.866
Spirochaetota,0.175,0.0,0.0,0.0,0.0,0.0,0.0,0.0,0.175,0.0,0.175,0.0,0.0,0.0,0.0,0.0,0.702,0.0
Synergistota,0.0,0.0,0.0,0.0,0.0,0.0,0.0,0.0,0.0,0.0,0.0,0.0,0.0,0.0,0.0,0.0,0.0,0.0
Thermotogota,0.0,0.0,0.0,0.0,0.0,0.0,0.0,0.0,0.0,2.222,0.0,0.0,0.0,0.0,0.0,0.0,0.0,0.0
Verrucomicrobiota,0.304,0.304,0.152,0.0,0.0,0.0,0.076,0.0,0.076,0.152,0.38,0.0,0.0,0.0,0.0,0.0,0.152,0.152
Zixibacteria,1.042,0.0,0.0,0.0,0.0,0.0,0.0,0.0,0.0,0.0,0.0,0.0,0.0,0.0,0.0,0.0,0.0,0.0
