DATASET_HEATMAP
SEPARATOR COMMA
DATASET_LABEL,% bacterial genomes in phylum
COLOR,#d55e00
FIELD_LABELS,AMIN+Amidase_3,CW_7+LysM+Glyco_hydro_25,Choline_bind_1+Choline_bind_3+Amidase_3,LysM+Amidase_2,LysM+Amidase_3,LysM+Amidase_6,LysM+NLPC_P60,LysM+Peptidase_M15,LysM+Peptidase_M23,LysM+Phage_lysozyme2,LysM+SLT,PG_binding_1+Amidase_2,PG_binding_1+Glucosaminidase,PG_binding_1+Glyco_hydro_25,PG_binding_1+Peptidase_M15,PG_binding_1+Peptidase_M23,PG_binding_1+VanY,PG_binding_3+Glyco_hydro_108,PG_binding_3+Glyco_hydro_108+Peptidase_M23,SH3_16+NLPC_P60,SH3_3+Amidase_2,SH3_3+Amidase_3,SH3_3+Amidase_6+Glyco_hydro_25,SH3_3+Glyco_hydro_25,SH3_3+NLPC_P60,SH3_4+NLPC_P60,SH3_6+NLPC_P60,SPOR+Amidase_2,SPOR+SLT
DASHED_LINES,1
SHOW_INTERNAL,0
LEGEND_TITLE,% bacterial genomes in phylum
LEGEND_LABELS,AMIN+Amidase_3,CW_7+LysM+Glyco_hydro_25,Choline_bind_1+Choline_bind_3+Amidase_3,LysM+Amidase_2,LysM+Amidase_3,LysM+Amidase_6,LysM+NLPC_P60,LysM+Peptidase_M15,LysM+Peptidase_M23,LysM+Phage_lysozyme2,LysM+SLT,PG_binding_1+Amidase_2,PG_binding_1+Glucosaminidase,PG_binding_1+Glyco_hydro_25,PG_binding_1+Peptidase_M15,PG_binding_1+Peptidase_M23,PG_binding_1+VanY,PG_binding_3+Glyco_hydro_108,PG_binding_3+Glyco_hydro_108+Peptidase_M23,SH3_16+NLPC_P60,SH3_3+Amidase_2,SH3_3+Amidase_3,SH3_3+Amidase_6+Glyco_hydro_25,SH3_3+Glyco_hydro_25,SH3_3+NLPC_P60,SH3_4+NLPC_P60,SH3_6+NLPC_P60,SPOR+Amidase_2,SPOR+SLT
COLOR_MIN,#ffffff
COLOR_MAX,#0173b2
USER_MIN_VALUE,0
USER_MAX_VALUE,100
DATA
Acidobacteriota,57.77,0.0,0.0,1.28,2.651,0.0,0.731,0.091,4.753,0.0,84.918,1.92,0.0,0.0,1.28,0.091,0.731,2.559,0.0,2.925,0.274,0.0,0.0,0.0,3.565,5.302,0.091,0.0,0.0
Actinomycetota,0.0,0.397,0.174,0.248,0.0,0.0,3.253,0.273,2.905,0.025,17.358,5.736,0.72,0.472,6.879,7.648,0.596,0.05,0.0,1.266,0.149,0.0,0.0,0.0,0.919,0.497,0.05,0.025,0.0
Aquificota,38.095,0.0,0.0,0.0,1.19,0.0,15.476,0.0,88.095,0.0,34.524,0.0,0.0,0.0,0.0,0.0,0.0,8.333,0.0,0.0,0.0,0.0,0.0,0.0,0.0,0.0,19.048,0.0,0.0
Armatimonadota,62.567,0.0,0.0,0.0,0.0,0.0,21.39,0.0,0.535,0.0,0.0,0.0,0.0,0.0,0.535,0.0,0.0,1.07,0.0,9.626,0.535,1.07,0.0,0.0,14.973,12.299,0.0,0.0,0.0
Bacillota,11.718,0.586,0.97,1.767,4.944,0.0,9.897,0.046,33.672,0.146,0.485,3.168,1.007,1.428,1.941,0.943,2.527,0.311,0.0,2.774,1.144,12.259,0.0,1.712,19.729,5.008,4.367,2.948,0.0
Bacteroidota,4.233,0.0,0.0,0.054,0.054,0.0,2.576,0.0,35.447,0.0,80.512,3.746,0.018,0.396,1.117,0.072,0.162,5.205,0.0,29.035,2.882,0.018,0.0,0.036,42.183,4.809,0.162,0.036,0.0
Bdellovibrionota,1.078,0.0,0.0,0.0,0.0,0.0,0.0,0.0,18.329,0.27,91.644,0.27,0.0,0.0,0.0,0.0,0.0,1.348,0.0,0.539,0.0,0.0,0.0,0.0,0.0,0.0,1.348,0.0,0.0
Campylobacterota,22.087,0.0,0.0,0.0,0.0,0.0,12.621,0.485,0.0,0.0,79.854,0.728,0.0,0.0,0.243,0.0,0.0,7.282,0.0,0.0,0.0,0.0,0.0,0.0,0.0,0.0,35.68,0.0,0.0
Chlamydiota,0.0,0.0,0.0,0.0,0.0,0.0,0.0,0.0,0.0,0.0,0.0,0.806,0.0,0.0,0.0,0.0,0.0,1.21,0.0,9.274,0.0,0.0,0.0,0.0,4.839,6.048,0.0,0.0,0.0
Chloroflexota,0.114,0.0,0.0,2.106,0.797,0.0,2.618,0.057,62.151,0.0,5.35,1.594,0.341,0.0,0.341,0.114,0.0,0.455,0.0,4.61,1.48,0.455,0.0,3.13,5.748,1.935,0.968,0.057,0.0
Cloacimonadota,0.0,0.0,0.0,0.0,0.0,0.0,0.0,0.0,86.667,0.0,45.556,0.0,0.0,0.0,0.0,0.0,0.0,1.111,0.0,0.0,0.0,0.0,0.0,0.0,0.0,0.0,22.222,1.111,0.0
Cyanobacteriota,83.665,0.0,0.0,0.432,5.791,0.259,0.173,0.0,57.217,0.0,1.124,3.284,0.346,7.347,1.21,0.432,6.396,4.581,0.086,58.427,0.605,0.951,0.0,0.0,0.864,0.432,0.0,0.086,0.0
Deinococcota,3.333,0.0,0.0,0.0,1.111,0.0,58.889,0.0,97.778,0.0,0.0,5.556,0.0,0.0,0.0,0.0,0.0,0.0,0.0,7.778,0.0,0.0,0.0,0.0,8.889,0.0,4.444,0.0,0.0
Dependentiae,0.0,0.0,0.0,0.0,0.0,0.0,0.0,0.0,0.0,0.0,0.0,2.105,0.0,0.0,0.0,0.0,0.0,2.105,0.0,0.0,0.0,0.0,0.0,0.0,0.0,0.0,0.0,0.0,0.0
Desulfobacterota,66.934,0.0,0.0,2.04,4.326,0.0,17.862,0.494,25.896,0.0,88.072,0.371,0.0,0.0,0.618,0.062,0.247,7.726,0.0,0.309,0.803,0.0,0.0,0.0,0.062,0.0,10.692,0.0,0.68
Dormibacterota,0.0,0.0,0.0,0.0,0.0,0.0,0.0,0.0,26.804,0.0,36.082,0.0,0.0,0.0,0.0,0.0,0.0,0.0,0.0,0.0,0.0,0.0,0.0,0.0,0.0,0.0,0.0,0.0,0.0
Elusimicrobiota,0.0,0.0,0.0,0.0,0.0,0.0,0.0,0.0,33.862,0.0,29.101,0.0,0.0,0.0,0.0,0.529,0.0,0.529,0.0,1.587,0.0,0.0,0.0,0.0,0.0,0.0,10.582,0.0,0.0
Eremiobacterota,79.646,0.0,0.0,0.0,0.0,0.0,34.513,0.0,0.885,0.0,0.0,0.0,0.885,0.885,0.885,0.0,0.0,0.0,0.0,3.54,0.0,0.0,0.0,0.0,6.195,0.0,0.885,0.0,0.0
Fibrobacterota,0.0,0.0,0.0,0.0,0.0,0.0,0.0,0.0,50.575,0.0,98.851,0.0,1.149,0.0,0.0,0.0,0.0,4.598,0.0,1.149,1.149,0.0,0.0,0.0,1.149,0.0,0.0,0.0,0.0
Fusobacteriota,0.0,0.0,0.0,1.111,1.111,0.0,0.0,0.0,65.556,0.0,0.0,51.111,0.0,0.0,0.0,0.0,0.0,17.778,0.0,0.0,1.111,0.0,0.0,0.0,0.0,1.111,1.111,0.0,0.0
Gemmatimonadota,0.0,0.0,0.0,0.0,0.0,0.0,0.0,0.0,0.637,0.0,78.025,0.318,0.0,0.0,0.318,0.318,0.318,0.955,0.0,10.51,2.229,0.0,0.0,0.0,17.516,6.051,0.0,0.0,0.0
Marinisomatota,0.0,0.0,0.0,0.0,0.0,0.0,0.0,0.0,0.0,0.0,86.058,1.442,0.0,0.0,0.0,0.0,0.0,2.885,0.0,23.558,0.481,0.0,0.0,0.0,33.173,10.577,0.0,0.0,0.0
Myxococcota,16.181,0.0,0.0,0.583,0.146,0.0,0.729,23.469,37.901,2.041,80.612,8.163,1.166,1.166,1.749,1.895,5.102,0.729,0.0,0.292,1.312,0.0,0.0,0.583,0.437,0.0,4.665,0.0,0.0
Nitrospinota,52.5,0.0,0.0,0.0,0.0,0.0,0.0,0.0,71.25,0.0,80.0,0.0,0.0,0.0,0.0,0.0,0.0,3.75,0.0,0.0,0.0,0.0,0.0,0.0,0.0,0.0,0.0,0.0,0.0
Nitrospirota,58.824,0.0,0.0,0.256,0.0,0.0,32.225,0.767,3.325,0.0,84.91,0.256,0.0,0.0,0.0,0.0,0.256,3.836,0.0,0.256,1.535,0.0,0.0,0.0,0.512,0.0,0.256,0.0,0.0
Omnitrophota,0.0,0.0,0.0,36.451,0.0,0.0,0.0,0.0,59.472,0.0,0.0,0.0,0.0,0.0,0.0,0.0,0.0,0.24,0.0,0.719,0.0,0.0,0.0,0.0,0.24,0.24,22.542,0.0,0.0
Patescibacteria,0.0,0.034,0.0,0.103,0.034,0.0,0.034,0.0,67.137,0.103,1.585,0.0,0.034,0.034,0.069,1.481,0.62,0.344,0.0,0.138,0.034,0.0,0.0,0.0,0.0,0.0,0.0,0.0,0.0
Planctomycetota,0.0,0.0,0.0,1.337,0.191,0.0,0.0,0.0,3.819,0.0,0.064,0.255,0.064,0.0,0.0,0.064,0.064,1.082,0.0,2.037,0.446,0.064,0.0,0.0,0.509,0.318,1.209,0.064,0.0
Pseudomonadota,54.27,0.0,0.0,0.124,2.984,0.0,0.016,0.058,79.266,0.082,47.378,20.42,0.14,0.016,0.973,0.437,0.074,16.241,0.0,22.523,0.899,0.0,0.0,0.016,1.591,0.074,3.174,0.016,6.521
Spirochaetota,0.0,0.0,0.0,0.0,8.421,0.0,0.0,0.0,96.667,0.0,47.544,0.0,0.175,0.175,0.351,0.702,0.0,0.877,0.0,0.175,0.175,0.702,0.0,0.175,0.0,0.0,2.456,0.175,0.0
Synergistota,0.0,0.0,0.0,0.0,0.0,0.0,0.0,0.0,86.607,0.0,0.0,0.0,0.0,0.0,0.0,0.0,0.0,16.964,0.0,0.0,0.0,0.0,0.0,0.0,0.0,0.0,16.964,0.893,0.0
Thermotogota,3.333,0.0,0.0,1.111,0.0,0.0,0.0,0.0,95.556,0.0,0.0,0.0,0.0,0.0,0.0,0.0,0.0,0.0,0.0,8.889,0.0,0.0,0.0,0.0,3.333,1.111,14.444,1.111,0.0
Verrucomicrobiota,0.0,0.0,0.0,16.717,1.596,0.0,1.292,0.0,0.0,0.0,0.456,0.988,0.0,0.0,0.076,0.0,0.0,0.912,0.0,0.836,0.0,0.0,0.0,0.0,0.0,0.076,0.456,0.0,0.0
Zixibacteria,0.0,0.0,0.0,0.0,0.0,0.0,0.0,1.042,0.0,0.0,85.417,0.0,0.0,0.0,1.042,0.0,0.0,3.125,0.0,29.167,0.0,0.0,0.0,0.0,17.708,0.0,0.0,0.0,0.0
